>> ov6

V =

    0.1488   -0.9342   -0.7071
   -0.5824    0.0795   -0.7071
   -0.7992   -0.3478   -0.0000


A =

   -4.7446         0         0
         0    6.7446         0
         0         0    2.0000


x =

1


y =

1


z =

-1/2

           1
           1
           2
           3
           5
           8
          13
          21
          34
          55
          89
         144
         233
         377
         610
         987
        1597
        2584
        4181
        6765

>>
